[1008494, 1065002, 1068660]	14
[1008494, 1065002, 1123819]	12
[1017929, 1035195, 1051111]	10
[1039769, 2012444, 2012641]	10
[1041762, 1046659, 1113102]	10
[1042934, 1086620, 1136608]	10
[1049721, 1172395, 1204460]	13
[1051625, 1121817, 1137613]	10
[1060226, 1277779, 1291004]	10
[10672, 590112, 608521]	11
[1088277, 1122056, 1133824]	11
[1103399, 1211221, 1213768]	13
[1116391, 1122056, 1133824]	12
[1141106, 1157491, 1235250]	10
[1150180, 1151947, 1177196]	14
[1163619, 1178963, 1218281]	10
[117116, 1364301, 1376499]	11
[1175317, 1657965, 1682129]	10
[1176499, 1192568, 1197593]	12
[1180190, 1192476, 1206565]	18
[1192826, 1720555, 1735134]	18
[1243013, 1254653, 1261293]	11
[1244957, 1264745, 1298381]	21
[1244957, 1264745, 1341002]	11
[1244957, 1298381, 1341002]	13
[1250498, 1277779, 1291004]	13
[1253266, 1277297, 1317921]	11
[125427, 342658, 362277]	29
[1255216, 1278648, 1307336]	12
[1255238, 1277221, 1286205]	12
[1272769, 1364301, 1376499]	10
[1285656, 1352174, 1367163]	10
[12916, 1952024, 1968398]	15
[13171, 1364301, 1376499]	11
[1329692, 1364301, 1376499]	11
[1331078, 1348634, 1352560]	10
[1331078, 1845850, 1854294]	11
[1348692, 2027278, 2134213]	10
[1352156, 1747442, 1812800]	10
[1354956, 1372068, 1415544]	10
[1377131, 1397538, 2167757]	10
[1395133, 1557865, 1597481]	11
[1396001, 1484878, 1520419]	11
[1397893, 1430707, 1472285]	10
[1414665, 1824203, 1865029]	18
[1424547, 1493918, 1505014]	11
[1433403, 1448717, 1511759]	11
[1436081, 1444330, 1492816]	11
[1438075, 1835237, 1896808]	10
[1455565, 1844295, 1872185]	12
[1466596, 1474009, 1488010]	12
[1475154, 2715127, 2720233]	11
[1477342, 1508623, 1533378]	15
[1479865, 1499467, 1585816]	10
[1486907, 1494787, 1669047]	10
[1490565, 2025026, 2063967]	10
[1496703, 1532771, 1562710]	10
[1501863, 2021625, 2042980]	14
[1506846, 2021625, 2042980]	12
[1517603, 1651558, 1743830]	10
[1519655, 1531767, 1626472]	10
[1544973, 1564847, 1635345]	10
[1546553, 1691792, 1765183]	11
[1554261, 1780949, 1784596]	13
[1584925, 1660397, 1754595]	10
[1630601, 1676767, 1805203]	11
[1635923, 1647542, 1676098]	10
[1637989, 1647542, 1676098]	12
[1639161, 2184706, 2311958]	14
[1643735, 1647542, 1676098]	19
[1644116, 1645738, 1733645]	13
[1652444, 1671593, 1736663]	10
[1652945, 1692484, 1805212]	10
[1656355, 1845850, 1854294]	11
[1667561, 1674632, 1762099]	11
[1670208, 1685141, 1740395]	11
[1672403, 1938574, 1975446]	12
[1674753, 1698867, 1721749]	10
[1679037, 1729673, 1768471]	12
[1679506, 1689106, 1767512]	12
[1681074, 1686820, 1768592]	10
[1681426, 1692387, 1711831]	10
[1683536, 1684867, 1714036]	10
[1692670, 1897711, 1910524]	10
[1702609, 2251663, 2253739]	10
[1703057, 1745489, 1749769]	17
[1716964, 1760354, 1832028]	10
[172981, 1846150, 1940476]	10
[1734699, 1763842, 1779260]	10
[1738191, 1766075, 1795449]	10
[1739790, 1822925, 1829735]	10
[1754601, 2344361, 2419896]	10
[1766354, 1897711, 1910524]	10
[1770172, 1934124, 1978274]	10
[1817545, 1845850, 1854294]	11
[1817603, 1875736, 1980307]	28
[1817603, 1875736, 1994159]	13
[1817603, 1980307, 1994159]	33
[1817603, 1980307, 2001665]	26
[1817603, 1980307, 2026722]	20
[1817603, 1980307, 2094609]	11
[1817603, 1996674, 2055244]	13
[1817603, 1996674, 2065420]	20
[1824129, 1894037, 1909324]	11
[1824839, 1855627, 1940006]	12
[1834835, 1846414, 1847250]	11
[1839104, 1844295, 1872185]	10
[1850487, 1865677, 2491557]	11
[1854099, 1886086, 1952024]	10
[1854099, 2013638, 2057156]	13
[1860815, 1864080, 1912115]	12
[1861554, 1879110, 1969419]	10
[1875736, 1980307, 2018002]	13
[187730, 1703637, 1712911]	10
[1898507, 2034047, 2121164]	10
[1969252, 1993563, 2015424]	13
[1977641, 1978731, 1994729]	34
[1980307, 1994159, 2018002]	11
[1980307, 2001665, 2018002]	16
[1984663, 1996674, 2055244]	27
[1984663, 1996674, 2065420]	26
[1985679, 2171634, 2215593]	12
[1985679, 2171634, 2278794]	10
[1994123, 2084599, 2098896]	10
[1996674, 2011982, 2055244]	11
[2017017, 2017774, 2071442]	14
[2035905, 2349005, 2358482]	13
[205034, 567052, 580062]	10
[213357, 1591270, 1602079]	11
[2147366, 2166678, 2279554]	10
[2156051, 2164010, 2174089]	11
[2156070, 2166231, 2192756]	17
[2156070, 2166231, 2211648]	11
[2162538, 2213051, 2224637]	12
[216647, 742735, 745630]	12
[2183237, 2184706, 2311958]	14
[22364, 1278648, 1307336]	12
[223946, 1397327, 1480686]	11
[2312117, 2320767, 2417178]	10
[2326016, 2715127, 2720233]	11
[2371328, 2376082, 2431772]	11
[2687347, 2688777, 2696511]	23
[2687699, 2712724, 2712877]	11
[2687777, 2692353, 2698769]	16
[2692498, 2700218, 2712724]	25
[2692498, 2700218, 2712877]	11
[2692498, 2712724, 2712877]	11
[2700218, 2712724, 2712877]	11
[2707057, 2712724, 2712877]	10
[325506, 602942, 632436]	10
[341583, 1332377, 1341785]	13
[342658, 342976, 362277]	23
[345257, 1206565, 1220449]	12
[349569, 1867184, 1914427]	10
[356512, 856517, 1022362]	12
[366751, 2004533, 2014352]	10
[38407, 1687499, 1754595]	11
[402099, 569696, 583413]	22
[402099, 569696, 606206]	10
[402099, 583413, 606206]	10
[402099, 583413, 615814]	10
[405403, 410201, 425369]	10
[41706, 1711819, 1741293]	10
[425109, 436843, 442391]	13
[429766, 460661, 1347092]	10
[457849, 464448, 465485]	10
[457970, 1005215, 1065719]	13
[460175, 496349, 500875]	13
[460175, 496349, 532084]	10
[462126, 1877229, 1891707]	12
[468537, 1493918, 1525071]	10
[488120, 531667, 531898]	11
[488341, 707824, 724896]	11
[492816, 531667, 531898]	12
[495898, 567052, 580062]	10
[496147, 743527, 758289]	10
[496750, 567052, 580062]	12
[520577, 1985394, 1985876]	18
[522454, 568146, 630545]	10
[522978, 1022291, 1037832]	11
[533323, 586005, 590850]	11
[535609, 548345, 567052]	10
[564429, 577846, 583026]	10
[566963, 569696, 583413]	22
[566963, 569696, 606206]	10
[576680, 579612, 636086]	16
[617823, 659450, 713334]	10
[628044, 641033, 642599]	12
[630095, 685551, 696644]	10
[630616, 840835, 855396]	12
[65177, 2161487, 2277168]	10
[653698, 1352619, 1370862]	11
[655270, 656578, 685551]	10
[659450, 677767, 713334]	10
[661857, 678965, 696644]	10
[670238, 1975968, 2050170]	11
[670238, 1975968, 2077336]	20
[670238, 1975968, 2117996]	12
[67768, 1065002, 1068660]	10
[679981, 1817603, 1980307]	154
[679981, 1817603, 1994159]	36
[679981, 1817603, 1996674]	47
[679981, 1817603, 2001665]	26
[679981, 1817603, 2018002]	18
[679981, 1817603, 2026722]	22
[679981, 1817603, 2055244]	16
[679981, 1817603, 2065420]	21
[679981, 1817603, 2094609]	11
[679981, 1980307, 1994159]	58
[679981, 1980307, 2001665]	37
[679981, 1980307, 2018002]	39
[679981, 1980307, 2026722]	29
[679981, 1980307, 2094609]	11
[679981, 1988376, 1996674]	13
[679981, 1994159, 2018002]	12
[679981, 1996674, 2055244]	31
[679981, 1996674, 2065420]	26
[679981, 2001665, 2018002]	16
[681900, 1646453, 1654943]	11
[681900, 1654943, 1691995]	10
[686402, 699617, 753278]	10
[696209, 697697, 736976]	10
[697725, 1886086, 1952024]	11
[698358, 726037, 756983]	10
[700452, 715410, 737874]	13
[701299, 1211221, 1213768]	10
[712772, 1647542, 1676098]	17
[72084, 726037, 756983]	10
[743159, 991072, 1054378]	10
[756417, 1355614, 1383190]	12
[761580, 770106, 784718]	10
[76873, 1277413, 1286205]	11
[77974, 1853741, 1882716]	11
[794096, 1022291, 1037832]	12
[802513, 1701241, 1759901]	10
[80325, 1729673, 1768471]	14
[838570, 2715127, 2720233]	10
[839523, 840835, 855396]	12
[840556, 1346579, 1382661]	10
[840647, 1291004, 1307336]	11
[850526, 878515, 1005528]	14
[863602, 1065002, 1068660]	14
[8660, 1691792, 1765183]	11
[874153, 955503, 1017219]	10
[874203, 2104063, 2163128]	12
[883344, 1329836, 1346697]	11
[886133, 2083585, 2085344]	10
[889786, 1260012, 1285936]	10
[89382, 1884839, 1969468]	10
[901607, 1889520, 2021983]	10
[904342, 1916494, 1922884]	11
[905240, 1500393, 1503566]	12
[906245, 1845240, 1854324]	13
[907333, 991072, 1044529]	10
[908822, 1023286, 1065061]	13
[921861, 1172395, 1204460]	10
[924558, 1169075, 1205611]	14
[930688, 1844295, 1872185]	10
[934343, 1172395, 1204460]	13
[941044, 957328, 1005736]	10
[944835, 1346715, 1352619]	10
[960673, 1056714, 1093638]	13
[962741, 1005215, 1065719]	12
[974508, 1125665, 1127697]	10
[98762, 261768, 401285]	12
[99856, 1908240, 1952876]	11
[999405, 1206565, 1220449]	13
